User seed is set to 19231923
P_1(0) = 3.67879e-01
P_5(10) = 1.81328e-02
P_3(20) = 7.13538e-11
P_2.6(40) = 3.61512e-33
For the bonus:
P_101(200) = 1.26953e-18
